NDND model ComputeA :  2019-03-26 16:06:08 
R Version :  R version 3.5.3 (2019-03-11) 
Computer Information :  Windows >= 8 x64 build 9200 x86-64 
 
 
VI :  
 
     [,1] [,2] [,3] [,4] [,5] [,6] [,7] [,8] [,9] [,10] [,11] [,12] [,13] [,14] [,15] [,16] [,17] [,18] [,19] [,20] [,21]
[1,]    1    1    1    1    1    1    1    1    2     2     2     2     2     2     2     2     3     3     3     3     3
     [,22] [,23] [,24] [,25] [,26] [,27] [,28] [,29] [,30] [,31] [,32] [,33] [,34] [,35] [,36] [,37] [,38] [,39] [,40]
[1,]     3     3     3     4     4     4     4     4     4     4     4     5     5     5     5     5     5     5     5
     [,41] [,42] [,43] [,44] [,45] [,46] [,47] [,48] [,49] [,50] [,51] [,52] [,53] [,54] [,55] [,56] [,57] [,58] [,59]
[1,]     6     6     6     6     6     6     6     6     7     7     7     7     7     7     7     7     8     8     8
     [,60] [,61] [,62] [,63] [,64]
[1,]     8     8     8     8     8
 
------------------------------ 
 
VJ :  
 
     [,1] [,2] [,3] [,4] [,5] [,6] [,7] [,8] [,9] [,10] [,11] [,12] [,13] [,14] [,15] [,16] [,17] [,18] [,19] [,20] [,21]
[1,]    1    2    3    4    5    6    7    8    1     2     3     4     5     6     7     8     1     2     3     4     5
     [,22] [,23] [,24] [,25] [,26] [,27] [,28] [,29] [,30] [,31] [,32] [,33] [,34] [,35] [,36] [,37] [,38] [,39] [,40]
[1,]     6     7     8     1     2     3     4     5     6     7     8     1     2     3     4     5     6     7     8
     [,41] [,42] [,43] [,44] [,45] [,46] [,47] [,48] [,49] [,50] [,51] [,52] [,53] [,54] [,55] [,56] [,57] [,58] [,59]
[1,]     1     2     3     4     5     6     7     8     1     2     3     4     5     6     7     8     1     2     3
     [,60] [,61] [,62] [,63] [,64]
[1,]     4     5     6     7     8
 
------------------------------ 
 
SumFij :  
 
     [,1] [,2] [,3] [,4] [,5] [,6] [,7] [,8] [,9] [,10] [,11] [,12] [,13] [,14] [,15] [,16] [,17] [,18] [,19] [,20] [,21]
[1,]    1    1    1    1    1    1    1    1    0     0     0     0     0     0     0     0     0     0     0     0     0
[2,]    0    0    0    0    0    0    0    0    1     1     1     1     1     1     1     1     0     0     0     0     0
[3,]    0    0    0    0    0    0    0    0    0     0     0     0     0     0     0     0     1     1     1     1     1
[4,]    0    0    0    0    0    0    0    0    0     0     0     0     0     0     0     0     0     0     0     0     0
[5,]    0    0    0    0    0    0    0    0    0     0     0     0     0     0     0     0     0     0     0     0     0
[6,]    0    0    0    0    0    0    0    0    0     0     0     0     0     0     0     0     0     0     0     0     0
[7,]    0    0    0    0    0    0    0    0    0     0     0     0     0     0     0     0     0     0     0     0     0
[8,]    0    0    0    0    0    0    0    0    0     0     0     0     0     0     0     0     0     0     0     0     0
     [,22] [,23] [,24] [,25] [,26] [,27] [,28] [,29] [,30] [,31] [,32] [,33] [,34] [,35] [,36] [,37] [,38] [,39] [,40]
[1,]     0     0     0     0     0     0     0     0     0     0     0     0     0     0     0     0     0     0     0
[2,]     0     0     0     0     0     0     0     0     0     0     0     0     0     0     0     0     0     0     0
[3,]     1     1     1     0     0     0     0     0     0     0     0     0     0     0     0     0     0     0     0
[4,]     0     0     0     1     1     1     1     1     1     1     1     0     0     0     0     0     0     0     0
[5,]     0     0     0     0     0     0     0     0     0     0     0     1     1     1     1     1     1     1     1
[6,]     0     0     0     0     0     0     0     0     0     0     0     0     0     0     0     0     0     0     0
[7,]     0     0     0     0     0     0     0     0     0     0     0     0     0     0     0     0     0     0     0
[8,]     0     0     0     0     0     0     0     0     0     0     0     0     0     0     0     0     0     0     0
     [,41] [,42] [,43] [,44] [,45] [,46] [,47] [,48] [,49] [,50] [,51] [,52] [,53] [,54] [,55] [,56] [,57] [,58] [,59]
[1,]     0     0     0     0     0     0     0     0     0     0     0     0     0     0     0     0     0     0     0
[2,]     0     0     0     0     0     0     0     0     0     0     0     0     0     0     0     0     0     0     0
[3,]     0     0     0     0     0     0     0     0     0     0     0     0     0     0     0     0     0     0     0
[4,]     0     0     0     0     0     0     0     0     0     0     0     0     0     0     0     0     0     0     0
[5,]     0     0     0     0     0     0     0     0     0     0     0     0     0     0     0     0     0     0     0
[6,]     1     1     1     1     1     1     1     1     0     0     0     0     0     0     0     0     0     0     0
[7,]     0     0     0     0     0     0     0     0     1     1     1     1     1     1     1     1     0     0     0
[8,]     0     0     0     0     0     0     0     0     0     0     0     0     0     0     0     0     1     1     1
     [,60] [,61] [,62] [,63] [,64]
[1,]     0     0     0     0     0
[2,]     0     0     0     0     0
[3,]     0     0     0     0     0
[4,]     0     0     0     0     0
[5,]     0     0     0     0     0
[6,]     0     0     0     0     0
[7,]     0     0     0     0     0
[8,]     1     1     1     1     1
 
------------------------------ 
 
SumFji :  
 
     [,1] [,2] [,3] [,4] [,5] [,6] [,7] [,8] [,9] [,10] [,11] [,12] [,13] [,14] [,15] [,16] [,17] [,18] [,19] [,20] [,21]
[1,]    1    0    0    0    0    0    0    0    1     0     0     0     0     0     0     0     1     0     0     0     0
[2,]    0    1    0    0    0    0    0    0    0     1     0     0     0     0     0     0     0     1     0     0     0
[3,]    0    0    1    0    0    0    0    0    0     0     1     0     0     0     0     0     0     0     1     0     0
[4,]    0    0    0    1    0    0    0    0    0     0     0     1     0     0     0     0     0     0     0     1     0
[5,]    0    0    0    0    1    0    0    0    0     0     0     0     1     0     0     0     0     0     0     0     1
[6,]    0    0    0    0    0    1    0    0    0     0     0     0     0     1     0     0     0     0     0     0     0
[7,]    0    0    0    0    0    0    1    0    0     0     0     0     0     0     1     0     0     0     0     0     0
[8,]    0    0    0    0    0    0    0    1    0     0     0     0     0     0     0     1     0     0     0     0     0
     [,22] [,23] [,24] [,25] [,26] [,27] [,28] [,29] [,30] [,31] [,32] [,33] [,34] [,35] [,36] [,37] [,38] [,39] [,40]
[1,]     0     0     0     1     0     0     0     0     0     0     0     1     0     0     0     0     0     0     0
[2,]     0     0     0     0     1     0     0     0     0     0     0     0     1     0     0     0     0     0     0
[3,]     0     0     0     0     0     1     0     0     0     0     0     0     0     1     0     0     0     0     0
[4,]     0     0     0     0     0     0     1     0     0     0     0     0     0     0     1     0     0     0     0
[5,]     0     0     0     0     0     0     0     1     0     0     0     0     0     0     0     1     0     0     0
[6,]     1     0     0     0     0     0     0     0     1     0     0     0     0     0     0     0     1     0     0
[7,]     0     1     0     0     0     0     0     0     0     1     0     0     0     0     0     0     0     1     0
[8,]     0     0     1     0     0     0     0     0     0     0     1     0     0     0     0     0     0     0     1
     [,41] [,42] [,43] [,44] [,45] [,46] [,47] [,48] [,49] [,50] [,51] [,52] [,53] [,54] [,55] [,56] [,57] [,58] [,59]
[1,]     1     0     0     0     0     0     0     0     1     0     0     0     0     0     0     0     1     0     0
[2,]     0     1     0     0     0     0     0     0     0     1     0     0     0     0     0     0     0     1     0
[3,]     0     0     1     0     0     0     0     0     0     0     1     0     0     0     0     0     0     0     1
[4,]     0     0     0     1     0     0     0     0     0     0     0     1     0     0     0     0     0     0     0
[5,]     0     0     0     0     1     0     0     0     0     0     0     0     1     0     0     0     0     0     0
[6,]     0     0     0     0     0     1     0     0     0     0     0     0     0     1     0     0     0     0     0
[7,]     0     0     0     0     0     0     1     0     0     0     0     0     0     0     1     0     0     0     0
[8,]     0     0     0     0     0     0     0     1     0     0     0     0     0     0     0     1     0     0     0
     [,60] [,61] [,62] [,63] [,64]
[1,]     0     0     0     0     0
[2,]     0     0     0     0     0
[3,]     0     0     0     0     0
[4,]     1     0     0     0     0
[5,]     0     1     0     0     0
[6,]     0     0     1     0     0
[7,]     0     0     0     1     0
[8,]     0     0     0     0     1
 
------------------------------ 
 
Kapa2 : 
 
     [,1] [,2] [,3] [,4] [,5] [,6] [,7] [,8] [,9] [,10] [,11] [,12] [,13] [,14] [,15] [,16] [,17] [,18] [,19] [,20] [,21]
[1,] 0.65 0.65 0.65 0.65 0.65 0.65 0.65 0.65  0.9   0.9   0.9   0.9   0.9   0.9   0.9   0.9   0.9   0.9   0.9   0.9   0.9
[2,] 0.65 0.65 0.65 0.65 0.65 0.65 0.65 0.65  0.9   0.9   0.9   0.9   0.9   0.9   0.9   0.9   0.9   0.9   0.9   0.9   0.9
[3,] 0.65 0.65 0.65 0.65 0.65 0.65 0.65 0.65  0.9   0.9   0.9   0.9   0.9   0.9   0.9   0.9   0.9   0.9   0.9   0.9   0.9
[4,] 0.65 0.65 0.65 0.65 0.65 0.65 0.65 0.65  0.9   0.9   0.9   0.9   0.9   0.9   0.9   0.9   0.9   0.9   0.9   0.9   0.9
[5,] 0.65 0.65 0.65 0.65 0.65 0.65 0.65 0.65  0.9   0.9   0.9   0.9   0.9   0.9   0.9   0.9   0.9   0.9   0.9   0.9   0.9
[6,] 0.65 0.65 0.65 0.65 0.65 0.65 0.65 0.65  0.9   0.9   0.9   0.9   0.9   0.9   0.9   0.9   0.9   0.9   0.9   0.9   0.9
[7,] 0.65 0.65 0.65 0.65 0.65 0.65 0.65 0.65  0.9   0.9   0.9   0.9   0.9   0.9   0.9   0.9   0.9   0.9   0.9   0.9   0.9
[8,] 0.65 0.65 0.65 0.65 0.65 0.65 0.65 0.65  0.9   0.9   0.9   0.9   0.9   0.9   0.9   0.9   0.9   0.9   0.9   0.9   0.9
     [,22] [,23] [,24] [,25] [,26] [,27] [,28] [,29] [,30] [,31] [,32] [,33] [,34] [,35] [,36] [,37] [,38] [,39] [,40]
[1,]   0.9   0.9   0.9   0.6   0.6   0.6   0.6   0.6   0.6   0.6   0.6   0.9   0.9   0.9   0.9   0.9   0.9   0.9   0.9
[2,]   0.9   0.9   0.9   0.6   0.6   0.6   0.6   0.6   0.6   0.6   0.6   0.9   0.9   0.9   0.9   0.9   0.9   0.9   0.9
[3,]   0.9   0.9   0.9   0.6   0.6   0.6   0.6   0.6   0.6   0.6   0.6   0.9   0.9   0.9   0.9   0.9   0.9   0.9   0.9
[4,]   0.9   0.9   0.9   0.6   0.6   0.6   0.6   0.6   0.6   0.6   0.6   0.9   0.9   0.9   0.9   0.9   0.9   0.9   0.9
[5,]   0.9   0.9   0.9   0.6   0.6   0.6   0.6   0.6   0.6   0.6   0.6   0.9   0.9   0.9   0.9   0.9   0.9   0.9   0.9
[6,]   0.9   0.9   0.9   0.6   0.6   0.6   0.6   0.6   0.6   0.6   0.6   0.9   0.9   0.9   0.9   0.9   0.9   0.9   0.9
[7,]   0.9   0.9   0.9   0.6   0.6   0.6   0.6   0.6   0.6   0.6   0.6   0.9   0.9   0.9   0.9   0.9   0.9   0.9   0.9
[8,]   0.9   0.9   0.9   0.6   0.6   0.6   0.6   0.6   0.6   0.6   0.6   0.9   0.9   0.9   0.9   0.9   0.9   0.9   0.9
     [,41] [,42] [,43] [,44] [,45] [,46] [,47] [,48] [,49] [,50] [,51] [,52] [,53] [,54] [,55] [,56] [,57] [,58] [,59]
[1,]  0.85  0.85  0.85  0.85  0.85  0.85  0.85  0.85     0     0     0     0     0     0     0     0     0     0     0
[2,]  0.85  0.85  0.85  0.85  0.85  0.85  0.85  0.85     0     0     0     0     0     0     0     0     0     0     0
[3,]  0.85  0.85  0.85  0.85  0.85  0.85  0.85  0.85     0     0     0     0     0     0     0     0     0     0     0
[4,]  0.85  0.85  0.85  0.85  0.85  0.85  0.85  0.85     0     0     0     0     0     0     0     0     0     0     0
[5,]  0.85  0.85  0.85  0.85  0.85  0.85  0.85  0.85     0     0     0     0     0     0     0     0     0     0     0
[6,]  0.85  0.85  0.85  0.85  0.85  0.85  0.85  0.85     0     0     0     0     0     0     0     0     0     0     0
[7,]  0.85  0.85  0.85  0.85  0.85  0.85  0.85  0.85     0     0     0     0     0     0     0     0     0     0     0
[8,]  0.85  0.85  0.85  0.85  0.85  0.85  0.85  0.85     0     0     0     0     0     0     0     0     0     0     0
     [,60] [,61] [,62] [,63] [,64]
[1,]     0     0     0     0     0
[2,]     0     0     0     0     0
[3,]     0     0     0     0     0
[4,]     0     0     0     0     0
[5,]     0     0     0     0     0
[6,]     0     0     0     0     0
[7,]     0     0     0     0     0
[8,]     0     0     0     0     0
 
SumKjFji : 
 
     [,1] [,2] [,3] [,4] [,5] [,6] [,7] [,8] [,9] [,10] [,11] [,12] [,13] [,14] [,15] [,16] [,17] [,18] [,19] [,20] [,21]
[1,] 0.65 0.00 0.00 0.00 0.00 0.00 0.00 0.00  0.9   0.0   0.0   0.0   0.0   0.0   0.0   0.0   0.9   0.0   0.0   0.0   0.0
[2,] 0.00 0.65 0.00 0.00 0.00 0.00 0.00 0.00  0.0   0.9   0.0   0.0   0.0   0.0   0.0   0.0   0.0   0.9   0.0   0.0   0.0
[3,] 0.00 0.00 0.65 0.00 0.00 0.00 0.00 0.00  0.0   0.0   0.9   0.0   0.0   0.0   0.0   0.0   0.0   0.0   0.9   0.0   0.0
[4,] 0.00 0.00 0.00 0.65 0.00 0.00 0.00 0.00  0.0   0.0   0.0   0.9   0.0   0.0   0.0   0.0   0.0   0.0   0.0   0.9   0.0
[5,] 0.00 0.00 0.00 0.00 0.65 0.00 0.00 0.00  0.0   0.0   0.0   0.0   0.9   0.0   0.0   0.0   0.0   0.0   0.0   0.0   0.9
[6,] 0.00 0.00 0.00 0.00 0.00 0.65 0.00 0.00  0.0   0.0   0.0   0.0   0.0   0.9   0.0   0.0   0.0   0.0   0.0   0.0   0.0
[7,] 0.00 0.00 0.00 0.00 0.00 0.00 0.65 0.00  0.0   0.0   0.0   0.0   0.0   0.0   0.9   0.0   0.0   0.0   0.0   0.0   0.0
[8,] 0.00 0.00 0.00 0.00 0.00 0.00 0.00 0.65  0.0   0.0   0.0   0.0   0.0   0.0   0.0   0.9   0.0   0.0   0.0   0.0   0.0
     [,22] [,23] [,24] [,25] [,26] [,27] [,28] [,29] [,30] [,31] [,32] [,33] [,34] [,35] [,36] [,37] [,38] [,39] [,40]
[1,]   0.0   0.0   0.0   0.6   0.0   0.0   0.0   0.0   0.0   0.0   0.0   0.9   0.0   0.0   0.0   0.0   0.0   0.0   0.0
[2,]   0.0   0.0   0.0   0.0   0.6   0.0   0.0   0.0   0.0   0.0   0.0   0.0   0.9   0.0   0.0   0.0   0.0   0.0   0.0
[3,]   0.0   0.0   0.0   0.0   0.0   0.6   0.0   0.0   0.0   0.0   0.0   0.0   0.0   0.9   0.0   0.0   0.0   0.0   0.0
[4,]   0.0   0.0   0.0   0.0   0.0   0.0   0.6   0.0   0.0   0.0   0.0   0.0   0.0   0.0   0.9   0.0   0.0   0.0   0.0
[5,]   0.0   0.0   0.0   0.0   0.0   0.0   0.0   0.6   0.0   0.0   0.0   0.0   0.0   0.0   0.0   0.9   0.0   0.0   0.0
[6,]   0.9   0.0   0.0   0.0   0.0   0.0   0.0   0.0   0.6   0.0   0.0   0.0   0.0   0.0   0.0   0.0   0.9   0.0   0.0
[7,]   0.0   0.9   0.0   0.0   0.0   0.0   0.0   0.0   0.0   0.6   0.0   0.0   0.0   0.0   0.0   0.0   0.0   0.9   0.0
[8,]   0.0   0.0   0.9   0.0   0.0   0.0   0.0   0.0   0.0   0.0   0.6   0.0   0.0   0.0   0.0   0.0   0.0   0.0   0.9
     [,41] [,42] [,43] [,44] [,45] [,46] [,47] [,48] [,49] [,50] [,51] [,52] [,53] [,54] [,55] [,56] [,57] [,58] [,59]
[1,]  0.85  0.00  0.00  0.00  0.00  0.00  0.00  0.00     0     0     0     0     0     0     0     0     0     0     0
[2,]  0.00  0.85  0.00  0.00  0.00  0.00  0.00  0.00     0     0     0     0     0     0     0     0     0     0     0
[3,]  0.00  0.00  0.85  0.00  0.00  0.00  0.00  0.00     0     0     0     0     0     0     0     0     0     0     0
[4,]  0.00  0.00  0.00  0.85  0.00  0.00  0.00  0.00     0     0     0     0     0     0     0     0     0     0     0
[5,]  0.00  0.00  0.00  0.00  0.85  0.00  0.00  0.00     0     0     0     0     0     0     0     0     0     0     0
[6,]  0.00  0.00  0.00  0.00  0.00  0.85  0.00  0.00     0     0     0     0     0     0     0     0     0     0     0
[7,]  0.00  0.00  0.00  0.00  0.00  0.00  0.85  0.00     0     0     0     0     0     0     0     0     0     0     0
[8,]  0.00  0.00  0.00  0.00  0.00  0.00  0.00  0.85     0     0     0     0     0     0     0     0     0     0     0
     [,60] [,61] [,62] [,63] [,64]
[1,]     0     0     0     0     0
[2,]     0     0     0     0     0
[3,]     0     0     0     0     0
[4,]     0     0     0     0     0
[5,]     0     0     0     0     0
[6,]     0     0     0     0     0
[7,]     0     0     0     0     0
[8,]     0     0     0     0     0
 
------------------------------ 
------------------------------ 
A1 
 
     [,1]  [,2]  [,3]   [,4]   [,5]    [,6]  [,7]   [,8] [,9] [,10] [,11]  [,12] [,13]  [,14] [,15]  [,16] [,17] [,18]
[1,] 0.35  1.00  1.00  1.000  1.000  1.0000  1.00  1.000 -0.9   0.0   0.0  0.000  0.00  0.000   0.0  0.000  -0.9   0.0
[2,] 0.00 -0.65  0.00  0.000  0.000  0.0000  0.00  0.000  1.0   0.1   1.0  1.000  1.00  1.000   1.0  1.000   0.0  -0.9
[3,] 0.00  0.00 -0.65  0.000  0.000  0.0000  0.00  0.000  0.0   0.0  -0.9  0.000  0.00  0.000   0.0  0.000   1.0   1.0
[4,] 0.00  0.00  0.00 -0.611  0.000  0.0000  0.00  0.000  0.0   0.0   0.0 -0.846  0.00  0.000   0.0  0.000   0.0   0.0
[5,] 0.00  0.00  0.00  0.000 -0.585  0.0000  0.00  0.000  0.0   0.0   0.0  0.000 -0.81  0.000   0.0  0.000   0.0   0.0
[6,] 0.00  0.00  0.00  0.000  0.000 -0.6045  0.00  0.000  0.0   0.0   0.0  0.000  0.00 -0.837   0.0  0.000   0.0   0.0
[7,] 0.00  0.00  0.00  0.000  0.000  0.0000 -0.65  0.000  0.0   0.0   0.0  0.000  0.00  0.000  -0.9  0.000   0.0   0.0
[8,] 0.00  0.00  0.00  0.000  0.000  0.0000  0.00 -0.546  0.0   0.0   0.0  0.000  0.00  0.000   0.0 -0.756   0.0   0.0
     [,19]  [,20] [,21]  [,22] [,23]  [,24] [,25] [,26] [,27] [,28] [,29]  [,30] [,31]  [,32] [,33] [,34] [,35]  [,36]
[1,]   0.0  0.000  0.00  0.000   0.0  0.000  -0.6   0.0   0.0 0.000  0.00  0.000   0.0  0.000  -0.9   0.0   0.0  0.000
[2,]   0.0  0.000  0.00  0.000   0.0  0.000   0.0  -0.6   0.0 0.000  0.00  0.000   0.0  0.000   0.0  -0.9   0.0  0.000
[3,]   0.1  1.000  1.00  1.000   1.0  1.000   0.0   0.0  -0.6 0.000  0.00  0.000   0.0  0.000   0.0   0.0  -0.9  0.000
[4,]   0.0 -0.846  0.00  0.000   0.0  0.000   1.0   1.0   1.0 0.436  1.00  1.000   1.0  1.000   0.0   0.0   0.0 -0.846
[5,]   0.0  0.000 -0.81  0.000   0.0  0.000   0.0   0.0   0.0 0.000 -0.54  0.000   0.0  0.000   1.0   1.0   1.0  1.000
[6,]   0.0  0.000  0.00 -0.837   0.0  0.000   0.0   0.0   0.0 0.000  0.00 -0.558   0.0  0.000   0.0   0.0   0.0  0.000
[7,]   0.0  0.000  0.00  0.000  -0.9  0.000   0.0   0.0   0.0 0.000  0.00  0.000  -0.6  0.000   0.0   0.0   0.0  0.000
[8,]   0.0  0.000  0.00  0.000   0.0 -0.756   0.0   0.0   0.0 0.000  0.00  0.000   0.0 -0.504   0.0   0.0   0.0  0.000
     [,37]  [,38] [,39]  [,40] [,41] [,42] [,43]  [,44]  [,45]  [,46] [,47]  [,48] [,49] [,50] [,51] [,52] [,53] [,54]
[1,]  0.00  0.000   0.0  0.000 -0.85  0.00  0.00  0.000  0.000 0.0000  0.00  0.000     0     0     0     0     0     0
[2,]  0.00  0.000   0.0  0.000  0.00 -0.85  0.00  0.000  0.000 0.0000  0.00  0.000     0     0     0     0     0     0
[3,]  0.00  0.000   0.0  0.000  0.00  0.00 -0.85  0.000  0.000 0.0000  0.00  0.000     0     0     0     0     0     0
[4,]  0.00  0.000   0.0  0.000  0.00  0.00  0.00 -0.799  0.000 0.0000  0.00  0.000     0     0     0     0     0     0
[5,]  0.19  1.000   1.0  1.000  0.00  0.00  0.00  0.000 -0.765 0.0000  0.00  0.000     0     0     0     0     0     0
[6,]  0.00 -0.837   0.0  0.000  1.00  1.00  1.00  1.000  1.000 0.2095  1.00  1.000     0     0     0     0     0     0
[7,]  0.00  0.000  -0.9  0.000  0.00  0.00  0.00  0.000  0.000 0.0000 -0.85  0.000     1     1     1     1     1     1
[8,]  0.00  0.000   0.0 -0.756  0.00  0.00  0.00  0.000  0.000 0.0000  0.00 -0.714     0     0     0     0     0     0
     [,55] [,56] [,57] [,58] [,59] [,60] [,61] [,62] [,63] [,64]
[1,]     0     0     0     0     0     0     0     0     0     0
[2,]     0     0     0     0     0     0     0     0     0     0
[3,]     0     0     0     0     0     0     0     0     0     0
[4,]     0     0     0     0     0     0     0     0     0     0
[5,]     0     0     0     0     0     0     0     0     0     0
[6,]     0     0     0     0     0     0     0     0     0     0
[7,]     1     1     0     0     0     0     0     0     0     0
[8,]     0     0     1     1     1     1     1     1     1     1
 
A2 
 
      [,1]  [,2]  [,3]   [,4]   [,5]    [,6]  [,7]   [,8] [,9] [,10] [,11]  [,12] [,13]  [,14] [,15]  [,16] [,17] [,18]
[1,] -0.35 -1.00 -1.00 -1.000 -1.000 -1.0000 -1.00 -1.000  0.9   0.0   0.0  0.000  0.00  0.000   0.0  0.000   0.9   0.0
[2,]  0.00  0.65  0.00  0.000  0.000  0.0000  0.00  0.000 -1.0  -0.1  -1.0 -1.000 -1.00 -1.000  -1.0 -1.000   0.0   0.9
[3,]  0.00  0.00  0.65  0.000  0.000  0.0000  0.00  0.000  0.0   0.0   0.9  0.000  0.00  0.000   0.0  0.000  -1.0  -1.0
[4,]  0.00  0.00  0.00  0.611  0.000  0.0000  0.00  0.000  0.0   0.0   0.0  0.846  0.00  0.000   0.0  0.000   0.0   0.0
[5,]  0.00  0.00  0.00  0.000  0.585  0.0000  0.00  0.000  0.0   0.0   0.0  0.000  0.81  0.000   0.0  0.000   0.0   0.0
[6,]  0.00  0.00  0.00  0.000  0.000  0.6045  0.00  0.000  0.0   0.0   0.0  0.000  0.00  0.837   0.0  0.000   0.0   0.0
[7,]  0.00  0.00  0.00  0.000  0.000  0.0000  0.65  0.000  0.0   0.0   0.0  0.000  0.00  0.000   0.9  0.000   0.0   0.0
[8,]  0.00  0.00  0.00  0.000  0.000  0.0000  0.00  0.546  0.0   0.0   0.0  0.000  0.00  0.000   0.0  0.756   0.0   0.0
     [,19]  [,20] [,21]  [,22] [,23]  [,24] [,25] [,26] [,27]  [,28] [,29]  [,30] [,31]  [,32] [,33] [,34] [,35]  [,36]
[1,]   0.0  0.000  0.00  0.000   0.0  0.000   0.6   0.0   0.0  0.000  0.00  0.000   0.0  0.000   0.9   0.0   0.0  0.000
[2,]   0.0  0.000  0.00  0.000   0.0  0.000   0.0   0.6   0.0  0.000  0.00  0.000   0.0  0.000   0.0   0.9   0.0  0.000
[3,]  -0.1 -1.000 -1.00 -1.000  -1.0 -1.000   0.0   0.0   0.6  0.000  0.00  0.000   0.0  0.000   0.0   0.0   0.9  0.000
[4,]   0.0  0.846  0.00  0.000   0.0  0.000  -1.0  -1.0  -1.0 -0.436 -1.00 -1.000  -1.0 -1.000   0.0   0.0   0.0  0.846
[5,]   0.0  0.000  0.81  0.000   0.0  0.000   0.0   0.0   0.0  0.000  0.54  0.000   0.0  0.000  -1.0  -1.0  -1.0 -1.000
[6,]   0.0  0.000  0.00  0.837   0.0  0.000   0.0   0.0   0.0  0.000  0.00  0.558   0.0  0.000   0.0   0.0   0.0  0.000
[7,]   0.0  0.000  0.00  0.000   0.9  0.000   0.0   0.0   0.0  0.000  0.00  0.000   0.6  0.000   0.0   0.0   0.0  0.000
[8,]   0.0  0.000  0.00  0.000   0.0  0.756   0.0   0.0   0.0  0.000  0.00  0.000   0.0  0.504   0.0   0.0   0.0  0.000
     [,37]  [,38] [,39]  [,40] [,41] [,42] [,43]  [,44]  [,45]   [,46] [,47]  [,48] [,49] [,50] [,51] [,52] [,53] [,54]
[1,]  0.00  0.000   0.0  0.000  0.85  0.00  0.00  0.000  0.000  0.0000  0.00  0.000     0     0     0     0     0     0
[2,]  0.00  0.000   0.0  0.000  0.00  0.85  0.00  0.000  0.000  0.0000  0.00  0.000     0     0     0     0     0     0
[3,]  0.00  0.000   0.0  0.000  0.00  0.00  0.85  0.000  0.000  0.0000  0.00  0.000     0     0     0     0     0     0
[4,]  0.00  0.000   0.0  0.000  0.00  0.00  0.00  0.799  0.000  0.0000  0.00  0.000     0     0     0     0     0     0
[5,] -0.19 -1.000  -1.0 -1.000  0.00  0.00  0.00  0.000  0.765  0.0000  0.00  0.000     0     0     0     0     0     0
[6,]  0.00  0.837   0.0  0.000 -1.00 -1.00 -1.00 -1.000 -1.000 -0.2095 -1.00 -1.000     0     0     0     0     0     0
[7,]  0.00  0.000   0.9  0.000  0.00  0.00  0.00  0.000  0.000  0.0000  0.85  0.000    -1    -1    -1    -1    -1    -1
[8,]  0.00  0.000   0.0  0.756  0.00  0.00  0.00  0.000  0.000  0.0000  0.00  0.714     0     0     0     0     0     0
     [,55] [,56] [,57] [,58] [,59] [,60] [,61] [,62] [,63] [,64]
[1,]     0     0     0     0     0     0     0     0     0     0
[2,]     0     0     0     0     0     0     0     0     0     0
[3,]     0     0     0     0     0     0     0     0     0     0
[4,]     0     0     0     0     0     0     0     0     0     0
[5,]     0     0     0     0     0     0     0     0     0     0
[6,]     0     0     0     0     0     0     0     0     0     0
[7,]    -1    -1     0     0     0     0     0     0     0     0
[8,]     0     0    -1    -1    -1    -1    -1    -1    -1    -1
 
A3 
 
     [,1] [,2] [,3] [,4] [,5] [,6] [,7] [,8] [,9] [,10] [,11] [,12] [,13] [,14] [,15] [,16] [,17] [,18] [,19] [,20] [,21]
[1,]    1    0    0    0    0    0    0    0    1     0     0     0     0     0     0     0     1     0     0     0     0
[2,]    0    1    0    0    0    0    0    0    0     1     0     0     0     0     0     0     0     1     0     0     0
[3,]    0    0    1    0    0    0    0    0    0     0     1     0     0     0     0     0     0     0     1     0     0
[4,]    0    0    0    1    0    0    0    0    0     0     0     1     0     0     0     0     0     0     0     1     0
[5,]    0    0    0    0    1    0    0    0    0     0     0     0     1     0     0     0     0     0     0     0     1
[6,]    0    0    0    0    0    1    0    0    0     0     0     0     0     1     0     0     0     0     0     0     0
[7,]    0    0    0    0    0    0    1    0    0     0     0     0     0     0     1     0     0     0     0     0     0
[8,]    0    0    0    0    0    0    0    1    0     0     0     0     0     0     0     1     0     0     0     0     0
     [,22] [,23] [,24] [,25] [,26] [,27] [,28] [,29] [,30] [,31] [,32] [,33] [,34] [,35] [,36] [,37] [,38] [,39] [,40]
[1,]     0     0     0     1     0     0     0     0     0     0     0     1     0     0     0     0     0     0     0
[2,]     0     0     0     0     1     0     0     0     0     0     0     0     1     0     0     0     0     0     0
[3,]     0     0     0     0     0     1     0     0     0     0     0     0     0     1     0     0     0     0     0
[4,]     0     0     0     0     0     0     1     0     0     0     0     0     0     0     1     0     0     0     0
[5,]     0     0     0     0     0     0     0     1     0     0     0     0     0     0     0     1     0     0     0
[6,]     1     0     0     0     0     0     0     0     1     0     0     0     0     0     0     0     1     0     0
[7,]     0     1     0     0     0     0     0     0     0     1     0     0     0     0     0     0     0     1     0
[8,]     0     0     1     0     0     0     0     0     0     0     1     0     0     0     0     0     0     0     1
     [,41] [,42] [,43] [,44] [,45] [,46] [,47] [,48] [,49] [,50] [,51] [,52] [,53] [,54] [,55] [,56] [,57] [,58] [,59]
[1,]     1     0     0     0     0     0     0     0     1     0     0     0     0     0     0     0     1     0     0
[2,]     0     1     0     0     0     0     0     0     0     1     0     0     0     0     0     0     0     1     0
[3,]     0     0     1     0     0     0     0     0     0     0     1     0     0     0     0     0     0     0     1
[4,]     0     0     0     1     0     0     0     0     0     0     0     1     0     0     0     0     0     0     0
[5,]     0     0     0     0     1     0     0     0     0     0     0     0     1     0     0     0     0     0     0
[6,]     0     0     0     0     0     1     0     0     0     0     0     0     0     1     0     0     0     0     0
[7,]     0     0     0     0     0     0     1     0     0     0     0     0     0     0     1     0     0     0     0
[8,]     0     0     0     0     0     0     0     1     0     0     0     0     0     0     0     1     0     0     0
     [,60] [,61] [,62] [,63] [,64]
[1,]     0     0     0     0     0
[2,]     0     0     0     0     0
[3,]     0     0     0     0     0
[4,]     1     0     0     0     0
[5,]     0     1     0     0     0
[6,]     0     0     1     0     0
[7,]     0     0     0     1     0
[8,]     0     0     0     0     1
 
A4 
 
      [,1] [,2] [,3] [,4] [,5] [,6] [,7] [,8] [,9] [,10] [,11] [,12] [,13] [,14] [,15] [,16] [,17] [,18] [,19] [,20]
 [1,]   -1    0    0    0    0    0    0    0    0     0     0     0     0     0     0     0     0     0     0     0
 [2,]    0   -1    0    0    0    0    0    0    0     0     0     0     0     0     0     0     0     0     0     0
 [3,]    0    0   -1    0    0    0    0    0    0     0     0     0     0     0     0     0     0     0     0     0
 [4,]    0    0    0   -1    0    0    0    0    0     0     0     0     0     0     0     0     0     0     0     0
 [5,]    0    0    0    0   -1    0    0    0    0     0     0     0     0     0     0     0     0     0     0     0
 [6,]    0    0    0    0    0   -1    0    0    0     0     0     0     0     0     0     0     0     0     0     0
 [7,]    0    0    0    0    0    0   -1    0    0     0     0     0     0     0     0     0     0     0     0     0
 [8,]    0    0    0    0    0    0    0   -1    0     0     0     0     0     0     0     0     0     0     0     0
 [9,]    0    0    0    0    0    0    0    0   -1     0     0     0     0     0     0     0     0     0     0     0
[10,]    0    0    0    0    0    0    0    0    0    -1     0     0     0     0     0     0     0     0     0     0
[11,]    0    0    0    0    0    0    0    0    0     0    -1     0     0     0     0     0     0     0     0     0
[12,]    0    0    0    0    0    0    0    0    0     0     0    -1     0     0     0     0     0     0     0     0
[13,]    0    0    0    0    0    0    0    0    0     0     0     0    -1     0     0     0     0     0     0     0
[14,]    0    0    0    0    0    0    0    0    0     0     0     0     0    -1     0     0     0     0     0     0
[15,]    0    0    0    0    0    0    0    0    0     0     0     0     0     0    -1     0     0     0     0     0
      [,21] [,22] [,23] [,24] [,25] [,26] [,27] [,28] [,29] [,30] [,31] [,32] [,33] [,34] [,35] [,36] [,37] [,38] [,39]
 [1,]     0     0     0     0     0     0     0     0     0     0     0     0     0     0     0     0     0     0     0
 [2,]     0     0     0     0     0     0     0     0     0     0     0     0     0     0     0     0     0     0     0
 [3,]     0     0     0     0     0     0     0     0     0     0     0     0     0     0     0     0     0     0     0
 [4,]     0     0     0     0     0     0     0     0     0     0     0     0     0     0     0     0     0     0     0
 [5,]     0     0     0     0     0     0     0     0     0     0     0     0     0     0     0     0     0     0     0
 [6,]     0     0     0     0     0     0     0     0     0     0     0     0     0     0     0     0     0     0     0
 [7,]     0     0     0     0     0     0     0     0     0     0     0     0     0     0     0     0     0     0     0
 [8,]     0     0     0     0     0     0     0     0     0     0     0     0     0     0     0     0     0     0     0
 [9,]     0     0     0     0     0     0     0     0     0     0     0     0     0     0     0     0     0     0     0
[10,]     0     0     0     0     0     0     0     0     0     0     0     0     0     0     0     0     0     0     0
[11,]     0     0     0     0     0     0     0     0     0     0     0     0     0     0     0     0     0     0     0
[12,]     0     0     0     0     0     0     0     0     0     0     0     0     0     0     0     0     0     0     0
[13,]     0     0     0     0     0     0     0     0     0     0     0     0     0     0     0     0     0     0     0
[14,]     0     0     0     0     0     0     0     0     0     0     0     0     0     0     0     0     0     0     0
[15,]     0     0     0     0     0     0     0     0     0     0     0     0     0     0     0     0     0     0     0
      [,40] [,41] [,42] [,43] [,44] [,45] [,46] [,47] [,48] [,49] [,50] [,51] [,52] [,53] [,54] [,55] [,56] [,57] [,58]
 [1,]     0     0     0     0     0     0     0     0     0     0     0     0     0     0     0     0     0     0     0
 [2,]     0     0     0     0     0     0     0     0     0     0     0     0     0     0     0     0     0     0     0
 [3,]     0     0     0     0     0     0     0     0     0     0     0     0     0     0     0     0     0     0     0
 [4,]     0     0     0     0     0     0     0     0     0     0     0     0     0     0     0     0     0     0     0
 [5,]     0     0     0     0     0     0     0     0     0     0     0     0     0     0     0     0     0     0     0
 [6,]     0     0     0     0     0     0     0     0     0     0     0     0     0     0     0     0     0     0     0
 [7,]     0     0     0     0     0     0     0     0     0     0     0     0     0     0     0     0     0     0     0
 [8,]     0     0     0     0     0     0     0     0     0     0     0     0     0     0     0     0     0     0     0
 [9,]     0     0     0     0     0     0     0     0     0     0     0     0     0     0     0     0     0     0     0
[10,]     0     0     0     0     0     0     0     0     0     0     0     0     0     0     0     0     0     0     0
[11,]     0     0     0     0     0     0     0     0     0     0     0     0     0     0     0     0     0     0     0
[12,]     0     0     0     0     0     0     0     0     0     0     0     0     0     0     0     0     0     0     0
[13,]     0     0     0     0     0     0     0     0     0     0     0     0     0     0     0     0     0     0     0
[14,]     0     0     0     0     0     0     0     0     0     0     0     0     0     0     0     0     0     0     0
[15,]     0     0     0     0     0     0     0     0     0     0     0     0     0     0     0     0     0     0     0
      [,59] [,60] [,61] [,62] [,63] [,64]
 [1,]     0     0     0     0     0     0
 [2,]     0     0     0     0     0     0
 [3,]     0     0     0     0     0     0
 [4,]     0     0     0     0     0     0
 [5,]     0     0     0     0     0     0
 [6,]     0     0     0     0     0     0
 [7,]     0     0     0     0     0     0
 [8,]     0     0     0     0     0     0
 [9,]     0     0     0     0     0     0
[10,]     0     0     0     0     0     0
[11,]     0     0     0     0     0     0
[12,]     0     0     0     0     0     0
[13,]     0     0     0     0     0     0
[14,]     0     0     0     0     0     0
[15,]     0     0     0     0     0     0
 [ reached getOption("max.print") -- omitted 49 rows ]
 
A5 
 
     [,1]  [,2]  [,3]   [,4]   [,5]    [,6]  [,7]   [,8] [,9] [,10] [,11]  [,12] [,13]  [,14] [,15]  [,16] [,17] [,18]
[1,] 0.35  1.00  1.00  1.000  1.000  1.0000  1.00  1.000 -0.9   0.0   0.0  0.000  0.00  0.000   0.0  0.000  -0.9   0.0
[2,] 0.00 -0.65  0.00  0.000  0.000  0.0000  0.00  0.000  1.0   0.1   1.0  1.000  1.00  1.000   1.0  1.000   0.0  -0.9
[3,] 0.00  0.00 -0.65  0.000  0.000  0.0000  0.00  0.000  0.0   0.0  -0.9  0.000  0.00  0.000   0.0  0.000   1.0   1.0
[4,] 0.00  0.00  0.00 -0.611  0.000  0.0000  0.00  0.000  0.0   0.0   0.0 -0.846  0.00  0.000   0.0  0.000   0.0   0.0
[5,] 0.00  0.00  0.00  0.000 -0.585  0.0000  0.00  0.000  0.0   0.0   0.0  0.000 -0.81  0.000   0.0  0.000   0.0   0.0
[6,] 0.00  0.00  0.00  0.000  0.000 -0.6045  0.00  0.000  0.0   0.0   0.0  0.000  0.00 -0.837   0.0  0.000   0.0   0.0
[7,] 0.00  0.00  0.00  0.000  0.000  0.0000 -0.65  0.000  0.0   0.0   0.0  0.000  0.00  0.000  -0.9  0.000   0.0   0.0
[8,] 0.00  0.00  0.00  0.000  0.000  0.0000  0.00 -0.546  0.0   0.0   0.0  0.000  0.00  0.000   0.0 -0.756   0.0   0.0
     [,19]  [,20] [,21]  [,22] [,23]  [,24] [,25] [,26] [,27] [,28] [,29]  [,30] [,31]  [,32] [,33] [,34] [,35]  [,36]
[1,]   0.0  0.000  0.00  0.000   0.0  0.000  -0.6   0.0   0.0 0.000  0.00  0.000   0.0  0.000  -0.9   0.0   0.0  0.000
[2,]   0.0  0.000  0.00  0.000   0.0  0.000   0.0  -0.6   0.0 0.000  0.00  0.000   0.0  0.000   0.0  -0.9   0.0  0.000
[3,]   0.1  1.000  1.00  1.000   1.0  1.000   0.0   0.0  -0.6 0.000  0.00  0.000   0.0  0.000   0.0   0.0  -0.9  0.000
[4,]   0.0 -0.846  0.00  0.000   0.0  0.000   1.0   1.0   1.0 0.436  1.00  1.000   1.0  1.000   0.0   0.0   0.0 -0.846
[5,]   0.0  0.000 -0.81  0.000   0.0  0.000   0.0   0.0   0.0 0.000 -0.54  0.000   0.0  0.000   1.0   1.0   1.0  1.000
[6,]   0.0  0.000  0.00 -0.837   0.0  0.000   0.0   0.0   0.0 0.000  0.00 -0.558   0.0  0.000   0.0   0.0   0.0  0.000
[7,]   0.0  0.000  0.00  0.000  -0.9  0.000   0.0   0.0   0.0 0.000  0.00  0.000  -0.6  0.000   0.0   0.0   0.0  0.000
[8,]   0.0  0.000  0.00  0.000   0.0 -0.756   0.0   0.0   0.0 0.000  0.00  0.000   0.0 -0.504   0.0   0.0   0.0  0.000
     [,37]  [,38] [,39]  [,40] [,41] [,42] [,43]  [,44]  [,45]  [,46] [,47]  [,48] [,49] [,50] [,51] [,52] [,53] [,54]
[1,]  0.00  0.000   0.0  0.000 -0.85  0.00  0.00  0.000  0.000 0.0000  0.00  0.000     0     0     0     0     0     0
[2,]  0.00  0.000   0.0  0.000  0.00 -0.85  0.00  0.000  0.000 0.0000  0.00  0.000     0     0     0     0     0     0
[3,]  0.00  0.000   0.0  0.000  0.00  0.00 -0.85  0.000  0.000 0.0000  0.00  0.000     0     0     0     0     0     0
[4,]  0.00  0.000   0.0  0.000  0.00  0.00  0.00 -0.799  0.000 0.0000  0.00  0.000     0     0     0     0     0     0
[5,]  0.19  1.000   1.0  1.000  0.00  0.00  0.00  0.000 -0.765 0.0000  0.00  0.000     0     0     0     0     0     0
[6,]  0.00 -0.837   0.0  0.000  1.00  1.00  1.00  1.000  1.000 0.2095  1.00  1.000     0     0     0     0     0     0
[7,]  0.00  0.000  -0.9  0.000  0.00  0.00  0.00  0.000  0.000 0.0000 -0.85  0.000     1     1     1     1     1     1
[8,]  0.00  0.000   0.0 -0.756  0.00  0.00  0.00  0.000  0.000 0.0000  0.00 -0.714     0     0     0     0     0     0
     [,55] [,56] [,57] [,58] [,59] [,60] [,61] [,62] [,63] [,64]
[1,]     0     0     0     0     0     0     0     0     0     0
[2,]     0     0     0     0     0     0     0     0     0     0
[3,]     0     0     0     0     0     0     0     0     0     0
[4,]     0     0     0     0     0     0     0     0     0     0
[5,]     0     0     0     0     0     0     0     0     0     0
[6,]     0     0     0     0     0     0     0     0     0     0
[7,]     1     1     0     0     0     0     0     0     0     0
[8,]     0     0     1     1     1     1     1     1     1     1
 
------------------------------ 
 
Matrix A :  
 
       [,1]  [,2]  [,3]   [,4]   [,5]    [,6]  [,7]   [,8] [,9] [,10] [,11]  [,12] [,13]  [,14] [,15]  [,16] [,17] [,18]
 [1,]  0.35  1.00  1.00  1.000  1.000  1.0000  1.00  1.000 -0.9   0.0   0.0  0.000  0.00  0.000   0.0  0.000  -0.9   0.0
 [2,]  0.00 -0.65  0.00  0.000  0.000  0.0000  0.00  0.000  1.0   0.1   1.0  1.000  1.00  1.000   1.0  1.000   0.0  -0.9
 [3,]  0.00  0.00 -0.65  0.000  0.000  0.0000  0.00  0.000  0.0   0.0  -0.9  0.000  0.00  0.000   0.0  0.000   1.0   1.0
 [4,]  0.00  0.00  0.00 -0.611  0.000  0.0000  0.00  0.000  0.0   0.0   0.0 -0.846  0.00  0.000   0.0  0.000   0.0   0.0
 [5,]  0.00  0.00  0.00  0.000 -0.585  0.0000  0.00  0.000  0.0   0.0   0.0  0.000 -0.81  0.000   0.0  0.000   0.0   0.0
 [6,]  0.00  0.00  0.00  0.000  0.000 -0.6045  0.00  0.000  0.0   0.0   0.0  0.000  0.00 -0.837   0.0  0.000   0.0   0.0
 [7,]  0.00  0.00  0.00  0.000  0.000  0.0000 -0.65  0.000  0.0   0.0   0.0  0.000  0.00  0.000  -0.9  0.000   0.0   0.0
 [8,]  0.00  0.00  0.00  0.000  0.000  0.0000  0.00 -0.546  0.0   0.0   0.0  0.000  0.00  0.000   0.0 -0.756   0.0   0.0
 [9,] -0.35 -1.00 -1.00 -1.000 -1.000 -1.0000 -1.00 -1.000  0.9   0.0   0.0  0.000  0.00  0.000   0.0  0.000   0.9   0.0
[10,]  0.00  0.65  0.00  0.000  0.000  0.0000  0.00  0.000 -1.0  -0.1  -1.0 -1.000 -1.00 -1.000  -1.0 -1.000   0.0   0.9
[11,]  0.00  0.00  0.65  0.000  0.000  0.0000  0.00  0.000  0.0   0.0   0.9  0.000  0.00  0.000   0.0  0.000  -1.0  -1.0
[12,]  0.00  0.00  0.00  0.611  0.000  0.0000  0.00  0.000  0.0   0.0   0.0  0.846  0.00  0.000   0.0  0.000   0.0   0.0
[13,]  0.00  0.00  0.00  0.000  0.585  0.0000  0.00  0.000  0.0   0.0   0.0  0.000  0.81  0.000   0.0  0.000   0.0   0.0
[14,]  0.00  0.00  0.00  0.000  0.000  0.6045  0.00  0.000  0.0   0.0   0.0  0.000  0.00  0.837   0.0  0.000   0.0   0.0
[15,]  0.00  0.00  0.00  0.000  0.000  0.0000  0.65  0.000  0.0   0.0   0.0  0.000  0.00  0.000   0.9  0.000   0.0   0.0
      [,19]  [,20] [,21]  [,22] [,23]  [,24] [,25] [,26] [,27]  [,28] [,29]  [,30] [,31]  [,32] [,33] [,34] [,35]  [,36]
 [1,]   0.0  0.000  0.00  0.000   0.0  0.000  -0.6   0.0   0.0  0.000  0.00  0.000   0.0  0.000  -0.9   0.0   0.0  0.000
 [2,]   0.0  0.000  0.00  0.000   0.0  0.000   0.0  -0.6   0.0  0.000  0.00  0.000   0.0  0.000   0.0  -0.9   0.0  0.000
 [3,]   0.1  1.000  1.00  1.000   1.0  1.000   0.0   0.0  -0.6  0.000  0.00  0.000   0.0  0.000   0.0   0.0  -0.9  0.000
 [4,]   0.0 -0.846  0.00  0.000   0.0  0.000   1.0   1.0   1.0  0.436  1.00  1.000   1.0  1.000   0.0   0.0   0.0 -0.846
 [5,]   0.0  0.000 -0.81  0.000   0.0  0.000   0.0   0.0   0.0  0.000 -0.54  0.000   0.0  0.000   1.0   1.0   1.0  1.000
 [6,]   0.0  0.000  0.00 -0.837   0.0  0.000   0.0   0.0   0.0  0.000  0.00 -0.558   0.0  0.000   0.0   0.0   0.0  0.000
 [7,]   0.0  0.000  0.00  0.000  -0.9  0.000   0.0   0.0   0.0  0.000  0.00  0.000  -0.6  0.000   0.0   0.0   0.0  0.000
 [8,]   0.0  0.000  0.00  0.000   0.0 -0.756   0.0   0.0   0.0  0.000  0.00  0.000   0.0 -0.504   0.0   0.0   0.0  0.000
 [9,]   0.0  0.000  0.00  0.000   0.0  0.000   0.6   0.0   0.0  0.000  0.00  0.000   0.0  0.000   0.9   0.0   0.0  0.000
[10,]   0.0  0.000  0.00  0.000   0.0  0.000   0.0   0.6   0.0  0.000  0.00  0.000   0.0  0.000   0.0   0.9   0.0  0.000
[11,]  -0.1 -1.000 -1.00 -1.000  -1.0 -1.000   0.0   0.0   0.6  0.000  0.00  0.000   0.0  0.000   0.0   0.0   0.9  0.000
[12,]   0.0  0.846  0.00  0.000   0.0  0.000  -1.0  -1.0  -1.0 -0.436 -1.00 -1.000  -1.0 -1.000   0.0   0.0   0.0  0.846
[13,]   0.0  0.000  0.81  0.000   0.0  0.000   0.0   0.0   0.0  0.000  0.54  0.000   0.0  0.000  -1.0  -1.0  -1.0 -1.000
[14,]   0.0  0.000  0.00  0.837   0.0  0.000   0.0   0.0   0.0  0.000  0.00  0.558   0.0  0.000   0.0   0.0   0.0  0.000
[15,]   0.0  0.000  0.00  0.000   0.9  0.000   0.0   0.0   0.0  0.000  0.00  0.000   0.6  0.000   0.0   0.0   0.0  0.000
      [,37]  [,38] [,39]  [,40] [,41] [,42] [,43]  [,44]  [,45]   [,46] [,47]  [,48] [,49] [,50] [,51] [,52] [,53] [,54]
 [1,]  0.00  0.000   0.0  0.000 -0.85  0.00  0.00  0.000  0.000  0.0000  0.00  0.000     0     0     0     0     0     0
 [2,]  0.00  0.000   0.0  0.000  0.00 -0.85  0.00  0.000  0.000  0.0000  0.00  0.000     0     0     0     0     0     0
 [3,]  0.00  0.000   0.0  0.000  0.00  0.00 -0.85  0.000  0.000  0.0000  0.00  0.000     0     0     0     0     0     0
 [4,]  0.00  0.000   0.0  0.000  0.00  0.00  0.00 -0.799  0.000  0.0000  0.00  0.000     0     0     0     0     0     0
 [5,]  0.19  1.000   1.0  1.000  0.00  0.00  0.00  0.000 -0.765  0.0000  0.00  0.000     0     0     0     0     0     0
 [6,]  0.00 -0.837   0.0  0.000  1.00  1.00  1.00  1.000  1.000  0.2095  1.00  1.000     0     0     0     0     0     0
 [7,]  0.00  0.000  -0.9  0.000  0.00  0.00  0.00  0.000  0.000  0.0000 -0.85  0.000     1     1     1     1     1     1
 [8,]  0.00  0.000   0.0 -0.756  0.00  0.00  0.00  0.000  0.000  0.0000  0.00 -0.714     0     0     0     0     0     0
 [9,]  0.00  0.000   0.0  0.000  0.85  0.00  0.00  0.000  0.000  0.0000  0.00  0.000     0     0     0     0     0     0
[10,]  0.00  0.000   0.0  0.000  0.00  0.85  0.00  0.000  0.000  0.0000  0.00  0.000     0     0     0     0     0     0
[11,]  0.00  0.000   0.0  0.000  0.00  0.00  0.85  0.000  0.000  0.0000  0.00  0.000     0     0     0     0     0     0
[12,]  0.00  0.000   0.0  0.000  0.00  0.00  0.00  0.799  0.000  0.0000  0.00  0.000     0     0     0     0     0     0
[13,] -0.19 -1.000  -1.0 -1.000  0.00  0.00  0.00  0.000  0.765  0.0000  0.00  0.000     0     0     0     0     0     0
[14,]  0.00  0.837   0.0  0.000 -1.00 -1.00 -1.00 -1.000 -1.000 -0.2095 -1.00 -1.000     0     0     0     0     0     0
[15,]  0.00  0.000   0.9  0.000  0.00  0.00  0.00  0.000  0.000  0.0000  0.85  0.000    -1    -1    -1    -1    -1    -1
      [,55] [,56] [,57] [,58] [,59] [,60] [,61] [,62] [,63] [,64]
 [1,]     0     0     0     0     0     0     0     0     0     0
 [2,]     0     0     0     0     0     0     0     0     0     0
 [3,]     0     0     0     0     0     0     0     0     0     0
 [4,]     0     0     0     0     0     0     0     0     0     0
 [5,]     0     0     0     0     0     0     0     0     0     0
 [6,]     0     0     0     0     0     0     0     0     0     0
 [7,]     1     1     0     0     0     0     0     0     0     0
 [8,]     0     0     1     1     1     1     1     1     1     1
 [9,]     0     0     0     0     0     0     0     0     0     0
[10,]     0     0     0     0     0     0     0     0     0     0
[11,]     0     0     0     0     0     0     0     0     0     0
[12,]     0     0     0     0     0     0     0     0     0     0
[13,]     0     0     0     0     0     0     0     0     0     0
[14,]     0     0     0     0     0     0     0     0     0     0
[15,]    -1    -1     0     0     0     0     0     0     0     0
 [ reached getOption("max.print") -- omitted 81 rows ]
       [,1]  [,2]  [,3]   [,4]   [,5]    [,6]  [,7]   [,8] [,9] [,10] [,11]  [,12] [,13]  [,14] [,15]  [,16] [,17] [,18]
 [1,]  0.35  1.00  1.00  1.000  1.000  1.0000  1.00  1.000 -0.9   0.0   0.0  0.000  0.00  0.000   0.0  0.000  -0.9   0.0
 [2,]  0.00 -0.65  0.00  0.000  0.000  0.0000  0.00  0.000  1.0   0.1   1.0  1.000  1.00  1.000   1.0  1.000   0.0  -0.9
 [3,]  0.00  0.00 -0.65  0.000  0.000  0.0000  0.00  0.000  0.0   0.0  -0.9  0.000  0.00  0.000   0.0  0.000   1.0   1.0
 [4,]  0.00  0.00  0.00 -0.611  0.000  0.0000  0.00  0.000  0.0   0.0   0.0 -0.846  0.00  0.000   0.0  0.000   0.0   0.0
 [5,]  0.00  0.00  0.00  0.000 -0.585  0.0000  0.00  0.000  0.0   0.0   0.0  0.000 -0.81  0.000   0.0  0.000   0.0   0.0
 [6,]  0.00  0.00  0.00  0.000  0.000 -0.6045  0.00  0.000  0.0   0.0   0.0  0.000  0.00 -0.837   0.0  0.000   0.0   0.0
 [7,]  0.00  0.00  0.00  0.000  0.000  0.0000 -0.65  0.000  0.0   0.0   0.0  0.000  0.00  0.000  -0.9  0.000   0.0   0.0
 [8,]  0.00  0.00  0.00  0.000  0.000  0.0000  0.00 -0.546  0.0   0.0   0.0  0.000  0.00  0.000   0.0 -0.756   0.0   0.0
 [9,] -0.35 -1.00 -1.00 -1.000 -1.000 -1.0000 -1.00 -1.000  0.9   0.0   0.0  0.000  0.00  0.000   0.0  0.000   0.9   0.0
[10,]  0.00  0.65  0.00  0.000  0.000  0.0000  0.00  0.000 -1.0  -0.1  -1.0 -1.000 -1.00 -1.000  -1.0 -1.000   0.0   0.9
[11,]  0.00  0.00  0.65  0.000  0.000  0.0000  0.00  0.000  0.0   0.0   0.9  0.000  0.00  0.000   0.0  0.000  -1.0  -1.0
[12,]  0.00  0.00  0.00  0.611  0.000  0.0000  0.00  0.000  0.0   0.0   0.0  0.846  0.00  0.000   0.0  0.000   0.0   0.0
[13,]  0.00  0.00  0.00  0.000  0.585  0.0000  0.00  0.000  0.0   0.0   0.0  0.000  0.81  0.000   0.0  0.000   0.0   0.0
[14,]  0.00  0.00  0.00  0.000  0.000  0.6045  0.00  0.000  0.0   0.0   0.0  0.000  0.00  0.837   0.0  0.000   0.0   0.0
[15,]  0.00  0.00  0.00  0.000  0.000  0.0000  0.65  0.000  0.0   0.0   0.0  0.000  0.00  0.000   0.9  0.000   0.0   0.0
      [,19]  [,20] [,21]  [,22] [,23]  [,24] [,25] [,26] [,27]  [,28] [,29]  [,30] [,31]  [,32] [,33] [,34] [,35]  [,36]
 [1,]   0.0  0.000  0.00  0.000   0.0  0.000  -0.6   0.0   0.0  0.000  0.00  0.000   0.0  0.000  -0.9   0.0   0.0  0.000
 [2,]   0.0  0.000  0.00  0.000   0.0  0.000   0.0  -0.6   0.0  0.000  0.00  0.000   0.0  0.000   0.0  -0.9   0.0  0.000
 [3,]   0.1  1.000  1.00  1.000   1.0  1.000   0.0   0.0  -0.6  0.000  0.00  0.000   0.0  0.000   0.0   0.0  -0.9  0.000
 [4,]   0.0 -0.846  0.00  0.000   0.0  0.000   1.0   1.0   1.0  0.436  1.00  1.000   1.0  1.000   0.0   0.0   0.0 -0.846
 [5,]   0.0  0.000 -0.81  0.000   0.0  0.000   0.0   0.0   0.0  0.000 -0.54  0.000   0.0  0.000   1.0   1.0   1.0  1.000
 [6,]   0.0  0.000  0.00 -0.837   0.0  0.000   0.0   0.0   0.0  0.000  0.00 -0.558   0.0  0.000   0.0   0.0   0.0  0.000
 [7,]   0.0  0.000  0.00  0.000  -0.9  0.000   0.0   0.0   0.0  0.000  0.00  0.000  -0.6  0.000   0.0   0.0   0.0  0.000
 [8,]   0.0  0.000  0.00  0.000   0.0 -0.756   0.0   0.0   0.0  0.000  0.00  0.000   0.0 -0.504   0.0   0.0   0.0  0.000
 [9,]   0.0  0.000  0.00  0.000   0.0  0.000   0.6   0.0   0.0  0.000  0.00  0.000   0.0  0.000   0.9   0.0   0.0  0.000
[10,]   0.0  0.000  0.00  0.000   0.0  0.000   0.0   0.6   0.0  0.000  0.00  0.000   0.0  0.000   0.0   0.9   0.0  0.000
[11,]  -0.1 -1.000 -1.00 -1.000  -1.0 -1.000   0.0   0.0   0.6  0.000  0.00  0.000   0.0  0.000   0.0   0.0   0.9  0.000
[12,]   0.0  0.846  0.00  0.000   0.0  0.000  -1.0  -1.0  -1.0 -0.436 -1.00 -1.000  -1.0 -1.000   0.0   0.0   0.0  0.846
[13,]   0.0  0.000  0.81  0.000   0.0  0.000   0.0   0.0   0.0  0.000  0.54  0.000   0.0  0.000  -1.0  -1.0  -1.0 -1.000
[14,]   0.0  0.000  0.00  0.837   0.0  0.000   0.0   0.0   0.0  0.000  0.00  0.558   0.0  0.000   0.0   0.0   0.0  0.000
[15,]   0.0  0.000  0.00  0.000   0.9  0.000   0.0   0.0   0.0  0.000  0.00  0.000   0.6  0.000   0.0   0.0   0.0  0.000
      [,37]  [,38] [,39]  [,40] [,41] [,42] [,43]  [,44]  [,45]   [,46] [,47]  [,48] [,49] [,50] [,51] [,52] [,53] [,54]
 [1,]  0.00  0.000   0.0  0.000 -0.85  0.00  0.00  0.000  0.000  0.0000  0.00  0.000     0     0     0     0     0     0
 [2,]  0.00  0.000   0.0  0.000  0.00 -0.85  0.00  0.000  0.000  0.0000  0.00  0.000     0     0     0     0     0     0
 [3,]  0.00  0.000   0.0  0.000  0.00  0.00 -0.85  0.000  0.000  0.0000  0.00  0.000     0     0     0     0     0     0
 [4,]  0.00  0.000   0.0  0.000  0.00  0.00  0.00 -0.799  0.000  0.0000  0.00  0.000     0     0     0     0     0     0
 [5,]  0.19  1.000   1.0  1.000  0.00  0.00  0.00  0.000 -0.765  0.0000  0.00  0.000     0     0     0     0     0     0
 [6,]  0.00 -0.837   0.0  0.000  1.00  1.00  1.00  1.000  1.000  0.2095  1.00  1.000     0     0     0     0     0     0
 [7,]  0.00  0.000  -0.9  0.000  0.00  0.00  0.00  0.000  0.000  0.0000 -0.85  0.000     1     1     1     1     1     1
 [8,]  0.00  0.000   0.0 -0.756  0.00  0.00  0.00  0.000  0.000  0.0000  0.00 -0.714     0     0     0     0     0     0
 [9,]  0.00  0.000   0.0  0.000  0.85  0.00  0.00  0.000  0.000  0.0000  0.00  0.000     0     0     0     0     0     0
[10,]  0.00  0.000   0.0  0.000  0.00  0.85  0.00  0.000  0.000  0.0000  0.00  0.000     0     0     0     0     0     0
[11,]  0.00  0.000   0.0  0.000  0.00  0.00  0.85  0.000  0.000  0.0000  0.00  0.000     0     0     0     0     0     0
[12,]  0.00  0.000   0.0  0.000  0.00  0.00  0.00  0.799  0.000  0.0000  0.00  0.000     0     0     0     0     0     0
[13,] -0.19 -1.000  -1.0 -1.000  0.00  0.00  0.00  0.000  0.765  0.0000  0.00  0.000     0     0     0     0     0     0
[14,]  0.00  0.837   0.0  0.000 -1.00 -1.00 -1.00 -1.000 -1.000 -0.2095 -1.00 -1.000     0     0     0     0     0     0
[15,]  0.00  0.000   0.9  0.000  0.00  0.00  0.00  0.000  0.000  0.0000  0.85  0.000    -1    -1    -1    -1    -1    -1
      [,55] [,56] [,57] [,58] [,59] [,60] [,61] [,62] [,63] [,64]
 [1,]     0     0     0     0     0     0     0     0     0     0
 [2,]     0     0     0     0     0     0     0     0     0     0
 [3,]     0     0     0     0     0     0     0     0     0     0
 [4,]     0     0     0     0     0     0     0     0     0     0
 [5,]     0     0     0     0     0     0     0     0     0     0
 [6,]     0     0     0     0     0     0     0     0     0     0
 [7,]     1     1     0     0     0     0     0     0     0     0
 [8,]     0     0     1     1     1     1     1     1     1     1
 [9,]     0     0     0     0     0     0     0     0     0     0
[10,]     0     0     0     0     0     0     0     0     0     0
[11,]     0     0     0     0     0     0     0     0     0     0
[12,]     0     0     0     0     0     0     0     0     0     0
[13,]     0     0     0     0     0     0     0     0     0     0
[14,]     0     0     0     0     0     0     0     0     0     0
[15,]    -1    -1     0     0     0     0     0     0     0     0
 [ reached getOption("max.print") -- omitted 81 rows ]
